0 0.585096 0.742031 0.283615 0.436250
0 0.914212 0.391609 0.171577 0.146719
27 0.672365 0.708156 0.202846 0.063781
2 0.162750 0.383633 0.083577 0.034797
2 0.252885 0.382375 0.087654 0.039750
2 0.435712 0.380219 0.091346 0.040656
2 0.525846 0.503047 0.108769 0.044188
2 0.309221 0.427586 0.096404 0.047266
2 0.219269 0.420742 0.097038 0.040328
2 0.120962 0.425578 0.090231 0.037000
2 0.071904 0.385688 0.091808 0.035063
2 0.851952 0.511687 0.118288 0.072719
2 0.676125 0.453242 0.099096 0.033766
2 0.632846 0.501867 0.098808 0.042609
2 0.512096 0.417664 0.127808 0.120953
2 0.340683 0.395742 0.093673 0.064891
2 0.500000 0.451562 0.996154 0.209375