20 0.203070 0.524200 0.128547 0.116468
20 0.324477 0.490979 0.117984 0.110119
20 0.562344 0.489570 0.124125 0.109928
20 0.114633 0.504749 0.118047 0.099284
20 0.779188 0.485704 0.120406 0.131265
1 0.905320 0.788759 0.189359 0.422482
0 0.562063 0.435692 0.075844 0.166659
0 0.205969 0.459558 0.088281 0.182029
0 0.324594 0.441695 0.065812 0.144248
0 0.123273 0.452780 0.077953 0.139499
0 0.778250 0.431527 0.064281 0.175131
11 0.017398 0.122363 0.034797 0.213079
11 0.577648 0.235310 0.021547 0.100024
10 0.765492 0.369952 0.031453 0.031742