15 0.462695 0.487998 0.018516 0.023396
15 0.405727 0.486487 0.012016 0.024778
0 0.386586 0.826991 0.078734 0.034028
15 0.667828 0.484379 0.008500 0.022951
7 0.393016 0.767810 0.100906 0.130749
7 0.151078 0.753970 0.100469 0.107611
7 0.627414 0.779133 0.096297 0.160937
7 0.870891 0.760878 0.098562 0.128080
2 0.361187 0.831019 0.028031 0.023958
2 0.599266 0.839157 0.045219 0.057986
2 0.849094 0.820632 0.047563 0.083934
15 0.197398 0.487681 0.012797 0.017564
15 0.030016 0.492084 0.012375 0.016066
15 0.054445 0.492482 0.062203 0.016440
2 0.903891 0.831171 0.056906 0.071522
2 0.184648 0.843220 0.044766 0.033747
2 0.644406 0.846393 0.036844 0.046604
2 0.412359 0.850831 0.112906 0.044754
2 0.130203 0.849614 0.082094 0.035714