3 0.272625 0.651764 0.039062 0.220117
3 0.269055 0.717231 0.032641 0.168388
3 0.432977 0.530432 0.033766 0.089042
3 0.391320 0.563201 0.019828 0.077710
3 0.794852 0.513715 0.033859 0.086215
3 0.830414 0.535537 0.021891 0.122897
0 0.840070 0.688762 0.318609 0.600000
0 0.543266 0.626963 0.275000 0.723598
0 0.990656 0.358575 0.018688 0.131963
46 0.053109 0.144509 0.073313 0.132009
4 0.306563 0.459603 0.032500 0.054533
13 0.764930 0.861881 0.071547 0.073528
32 0.388383 0.441180 0.063516 0.076238
6 0.077977 0.586121 0.155953 0.073551
6 0.641750 0.517407 0.045812 0.072056
57 0.351750 0.451893 0.020281 0.070794
61 0.467258 0.948049 0.222328 0.077921
61 0.333508 0.906659 0.216516 0.148832
57 0.383375 0.458143 0.020031 0.044930
4 0.811930 0.591227 0.023922 0.085584
62 0.384258 0.720537 0.199672 0.074907
62 0.440289 0.679346 0.124016 0.061028