32 0.705109 0.375073 0.125500 0.194812
3 0.482094 0.521990 0.033000 0.069271
3 0.807555 0.501229 0.056516 0.106833
3 0.733266 0.490969 0.035906 0.040021
3 0.684961 0.495125 0.047859 0.079000
3 0.628148 0.494167 0.046859 0.075917
42 0.066773 0.322719 0.130578 0.100146
8 0.487430 0.418177 0.235141 0.156104
0 0.235953 0.551125 0.330344 0.876417
0 0.079234 0.317771 0.032063 0.103333
61 0.779500 0.795510 0.426406 0.386521
3 0.464844 0.373615 0.019969 0.061187
4 0.533547 0.619375 0.045969 0.078875
32 0.299102 0.382167 0.070172 0.175417
65 0.035828 0.774312 0.070844 0.451375
6 0.409375 0.434188 0.072875 0.037000
6 0.025352 0.588688 0.018641 0.112292
6 0.011211 0.453969 0.019234 0.124562
31 0.547414 0.538125 0.029734 0.021000
37 0.556672 0.564469 0.018656 0.075271
37 0.875516 0.436854 0.022500 0.044458
37 0.979609 0.392625 0.040781 0.086083
3 0.537516 0.644687 0.059031 0.077708
3 0.533406 0.719750 0.067437 0.140417
3 0.481141 0.648552 0.049094 0.125479
3 0.423031 0.647406 0.050875 0.123312
3 0.355906 0.681552 0.055000 0.131479
3 0.374148 0.639073 0.052578 0.102313
3 0.413898 0.492896 0.038297 0.080500
4 0.448258 0.719542 0.059859 0.137250
13 0.633617 0.552333 0.082078 0.051875
2 0.346273 0.422625 0.063609 0.129083
2 0.407680 0.385656 0.058422 0.050271
2 0.495789 0.445010 0.128453 0.102771
2 0.042734 0.466917 0.073313 0.194875
2 0.477352 0.347240 0.083734 0.077813
2 0.294555 0.467146 0.100859 0.224333
2 0.656086 0.419875 0.063047 0.139125
4 0.442047 0.668375 0.055719 0.114875
37 0.519750 0.520885 0.038937 0.120688
3 0.594531 0.616667 0.364063 0.358333