1 0.831891 0.587470 0.289482 0.092540
1 0.491192 0.591480 0.236839 0.112680
1 0.354521 0.575210 0.087487 0.061620
11 0.126619 0.178650 0.055311 0.110100
0 0.154974 0.555740 0.052591 0.127280
1 0.387047 0.528940 0.025596 0.017240
20 0.107500 0.622330 0.018575 0.050420
1 0.545777 0.549270 0.127047 0.051620
1 0.287293 0.577440 0.053135 0.046360
1 0.276308 0.569830 0.041839 0.034380
1 0.652811 0.570040 0.110285 0.056760
11 0.380674 0.467010 0.020259 0.016420
11 0.526969 0.469620 0.011710 0.008640
20 0.026153 0.614320 0.049197 0.058720
1 0.347422 0.532740 0.030544 0.014800
11 0.538575 0.466340 0.007772 0.005480