0 0.502867 0.285740 0.127297 0.252396
12 0.441234 0.183802 0.161969 0.090563
21 0.548344 0.520031 0.144594 0.213312
21 0.720508 0.495500 0.271359 0.173042
21 0.335328 0.498698 0.225969 0.167563
21 0.195883 0.463823 0.336328 0.112104
21 0.823313 0.455063 0.332031 0.132583
1 0.270906 0.128000 0.115000 0.084958
1 0.932641 0.118427 0.057219 0.010187
1 0.725352 0.116354 0.070891 0.032208
1 0.201742 0.107615 0.095859 0.063896
1 0.384125 0.118385 0.055969 0.042729
1 0.971250 0.153521 0.057500 0.052250
1 0.497961 0.123260 0.083578 0.048937
1 0.625297 0.134854 0.193531 0.082042
1 0.777906 0.134813 0.136156 0.064917
1 0.930680 0.113687 0.073203 0.020500
17 0.051008 0.080969 0.102016 0.122104
1 0.906164 0.129823 0.054953 0.060562