3 0.196875 0.497336 0.020625 0.066449
3 0.178484 0.500105 0.021094 0.069229
3 0.130344 0.506881 0.016094 0.060818
3 0.110664 0.503516 0.019141 0.068949
3 0.066148 0.506542 0.022109 0.074953
24 0.315586 0.856180 0.090172 0.188762
10 0.752000 0.496857 0.058375 0.106893
0 0.492531 0.124264 0.135937 0.248294
0 0.196727 0.356460 0.138672 0.361519
0 0.030922 0.409322 0.061844 0.289533
0 0.860195 0.341227 0.085766 0.399743
0 0.936336 0.429696 0.098172 0.226168
0 0.317938 0.452079 0.055625 0.073925
12 0.883313 0.614393 0.233375 0.148037
10 0.829430 0.496904 0.029547 0.060304
24 0.433742 0.371857 0.038797 0.201939
3 0.118562 0.496682 0.011719 0.050047
0 0.554406 0.497407 0.429656 0.911916
0 0.981063 0.369685 0.037875 0.185584
12 0.729680 0.562605 0.086047 0.026986