49 0.549398 0.430331 0.393953 0.649436
49 0.365008 0.542708 0.730016 0.888897
49 0.904570 0.315993 0.170484 0.303064
49 0.887797 0.188297 0.106969 0.114093
49 0.824945 0.115993 0.092359 0.026397
49 0.782539 0.125319 0.045453 0.030931
12 0.248578 0.240711 0.018000 0.018676
12 0.227711 0.245000 0.017641 0.016961
12 0.203539 0.253211 0.019859 0.023725
12 0.177023 0.262549 0.017172 0.022892
12 0.121664 0.271017 0.020609 0.021201
12 0.038180 0.306324 0.023078 0.027157
49 0.752344 0.127377 0.016750 0.038824
0 0.387219 0.502451 0.025406 0.037108