16 0.619969 0.615437 0.135906 0.152125
0 0.309125 0.572073 0.273656 0.822062
0 0.802250 0.588396 0.222469 0.800000
22 0.974719 0.534531 0.043125 0.112479
53 0.417430 0.767062 0.108609 0.065542
53 0.530062 0.765917 0.099437 0.062917
53 0.449750 0.749844 0.086063 0.069646
53 0.343531 0.740844 0.101125 0.069229
53 0.529070 0.693073 0.069703 0.040646
53 0.388000 0.714844 0.063813 0.040104
53 0.412687 0.698323 0.082219 0.042729
53 0.453023 0.683365 0.068547 0.045687
53 0.504039 0.717271 0.106359 0.050292
2 0.946344 0.864052 0.096062 0.213479
8 0.952539 0.584948 0.094922 0.091229
0 0.575711 0.363271 0.292578 0.676250
0 0.522328 0.894042 0.178375 0.211917
4 0.690633 0.399885 0.042516 0.068771
4 0.911406 0.580479 0.017000 0.064000
54 0.941445 0.702083 0.062484 0.037542
36 0.828898 0.668792 0.048266 0.043333
36 0.904289 0.659250 0.047703 0.032833
36 0.964000 0.630812 0.041719 0.033458
36 0.972484 0.684792 0.055031 0.044250
36 0.923008 0.624135 0.041391 0.033563
36 0.944961 0.672448 0.043734 0.045812
36 0.863547 0.651813 0.036531 0.025625
36 0.889844 0.634687 0.038281 0.030625
2 0.669133 0.887604 0.119578 0.223750
2 0.165594 0.875198 0.150938 0.249604
0 0.931617 0.409896 0.135328 0.418625
54 0.865328 0.678625 0.049500 0.043042
54 0.973609 0.686635 0.050562 0.042312
54 0.962367 0.630979 0.042453 0.031500
54 0.415156 0.769656 0.102062 0.064604
54 0.450805 0.752302 0.088141 0.066021
54 0.829281 0.671208 0.045437 0.040167
54 0.895539 0.689719 0.040422 0.037896
54 0.679688 0.561458 0.637500 0.685417