3 0.692759 0.211469 0.031389 0.079875
3 0.513386 0.175086 0.049589 0.066422
0 0.589795 0.573828 0.792935 0.843406
73 0.564442 0.699555 0.308885 0.533641
6 0.138346 0.552375 0.116380 0.184563
6 0.189560 0.512164 0.111566 0.161516
6 0.254481 0.473211 0.121957 0.172359
3 0.870372 0.176141 0.046967 0.094156
3 0.913209 0.178023 0.050763 0.092578
3 0.721673 0.203672 0.035519 0.092594
3 0.665254 0.217531 0.033405 0.077125
3 0.638112 0.210938 0.026830 0.085719
62 0.891566 0.434047 0.184462 0.172531
3 0.881663 0.669180 0.063640 0.096266
3 0.812652 0.187688 0.038219 0.088188