32 0.673102 0.350194 0.206047 0.404500
32 0.374063 0.243889 0.050687 0.113222
32 0.423766 0.112333 0.083250 0.217500
3 0.792961 0.545403 0.124516 0.563250
3 0.144570 0.569514 0.128516 0.481694
8 0.498758 0.753806 0.994891 0.462611
0 0.471695 0.288333 0.353141 0.569500
22 0.285656 0.508736 0.059344 0.215472
4 0.260586 0.617722 0.078859 0.240056
39 0.705180 0.583583 0.058453 0.100667
39 0.304977 0.782847 0.164922 0.144250
31 0.715258 0.588542 0.050422 0.101250
37 0.310039 0.770458 0.150422 0.146361
22 0.837133 0.788236 0.117797 0.348250
4 0.151055 0.835958 0.120078 0.296639
2 0.539727 0.200639 0.293641 0.153056
2 0.261961 0.422903 0.241953 0.261361
39 0.229586 0.970514 0.043359 0.058972
31 0.255805 0.959375 0.029641 0.077028
64 0.601883 0.659639 0.025703 0.020833
64 0.575133 0.665847 0.024453 0.079250
2 0.927656 0.220431 0.073844 0.132194
2 0.087352 0.415778 0.174703 0.262944
32 0.277594 0.164944 0.242531 0.303889
32 0.095469 0.213569 0.190938 0.427139
64 0.452867 0.643861 0.024328 0.046000