1 0.175648 0.483330 0.204672 0.202016
1 0.700633 0.423686 0.189203 0.157312
1 0.044828 0.597189 0.089656 0.217963
0 0.723188 0.637525 0.155250 0.337739
0 0.815086 0.517780 0.087641 0.306314
0 0.640188 0.431426 0.078469 0.124644
0 0.597086 0.409277 0.023797 0.074196
18 0.341164 0.847108 0.130859 0.216660
5 0.858563 0.511538 0.036062 0.076395
0 0.344383 0.591853 0.157641 0.538615
1 0.418156 0.428686 0.090781 0.080305
1 0.471695 0.421914 0.042078 0.048391
1 0.492578 0.415845 0.047531 0.048310
1 0.521734 0.403432 0.051562 0.048982
11 0.595930 0.355947 0.007266 0.009613
11 0.659141 0.349756 0.008125 0.010346
18 0.745063 0.763299 0.063250 0.073971
0 0.349234 0.499745 0.169719 0.252566
1 0.934070 0.493208 0.131859 0.239043