2 0.474195 0.104292 0.696766 0.200000
8 0.500000 0.588229 1.000000 0.795292
0 0.521594 0.103135 0.511875 0.194396
36 0.364063 0.733135 0.273531 0.340187
36 0.603398 0.339906 0.179078 0.185854
36 0.783016 0.823719 0.121969 0.169437
36 0.628820 0.734031 0.084234 0.113854
36 0.639813 0.638406 0.092188 0.104521
36 0.731742 0.650073 0.087297 0.138896
36 0.410961 0.328865 0.161016 0.156062
36 0.705734 0.731958 0.087906 0.108417
36 0.669367 0.843094 0.124078 0.148271
2 0.299820 0.133615 0.088203 0.124729