2 0.547922 0.588687 0.120500 0.258042
2 0.953461 0.480323 0.087578 0.108854
8 0.499719 0.822469 0.992688 0.328104
0 0.775281 0.512354 0.357313 0.804500
22 0.359984 0.791458 0.360406 0.389000
39 0.379555 0.929594 0.178359 0.123813
39 0.104023 0.965604 0.035578 0.038708
39 0.672281 0.906781 0.107937 0.114354
31 0.843750 0.928656 0.092937 0.142687
31 0.322656 0.860313 0.105688 0.070458
0 0.253109 0.462948 0.347125 0.613021
4 0.117609 0.707885 0.153344 0.292271
37 0.204242 0.960833 0.077766 0.078333
2 0.433594 0.612990 0.046219 0.120313
2 0.068258 0.560677 0.136516 0.213479
2 0.951398 0.732583 0.089328 0.373042
8 0.954383 0.656698 0.091234 0.263687
46 0.796445 0.359135 0.020859 0.026229
0 0.952977 0.399656 0.094047 0.124229
37 0.366937 0.964146 0.181844 0.071708