45 0.299055 0.616464 0.076922 0.169415
2 0.255406 0.812037 0.229781 0.369930
2 0.535289 0.624672 0.106891 0.176417
0 0.416539 0.575785 0.038891 0.113443
0 0.535898 0.507588 0.034734 0.061077
6 0.496805 0.743349 0.038734 0.018033
6 0.490477 0.758794 0.051016 0.024145
6 0.492273 0.754801 0.038203 0.021827
6 0.534047 0.756030 0.035250 0.053794
5 0.528484 0.874145 0.054813 0.080141
5 0.681969 0.941628 0.074594 0.116745
2 0.468430 0.589227 0.038234 0.102014
2 0.519977 0.562693 0.034766 0.057190
6 0.750922 0.881792 0.064250 0.046159
6 0.761852 0.899169 0.095516 0.061194
42 0.648422 0.664754 0.166719 0.173349
8 0.466992 0.590070 0.072922 0.094801
6 0.759523 0.874438 0.053953 0.037775
6 0.496078 0.681101 0.047438 0.032787
6 0.831625 0.862260 0.052562 0.085129
42 0.699953 0.759696 0.217969 0.296674