0 0.966977 0.196112 0.011266 0.033056
0 0.987062 0.193867 0.011844 0.036881
0 0.903680 0.180530 0.004484 0.009418
21 0.920375 0.593763 0.159250 0.225489
21 0.802562 0.684802 0.186906 0.341040
21 0.793656 0.277266 0.152438 0.016154
21 0.717422 0.443638 0.082094 0.106112
21 0.558977 0.376850 0.107922 0.086341
21 0.491656 0.469802 0.117250 0.141310
21 0.279313 0.519304 0.124375 0.216279
21 0.756609 0.371850 0.133156 0.119085
21 0.082180 0.530509 0.164359 0.225551
21 0.866125 0.308815 0.130000 0.066279
21 0.893359 0.303077 0.150000 0.037256