1 0.717469 0.790774 0.089750 0.102043
1 0.308945 0.791362 0.186328 0.149164
1 0.825914 0.802678 0.128266 0.120774
1 0.604828 0.797632 0.097156 0.100650
14 0.503695 0.804954 0.052672 0.121734
0 0.966789 0.824164 0.066422 0.228885
0 0.311320 0.777539 0.032891 0.166285
0 0.521258 0.760232 0.012016 0.047276
17 0.457227 0.770015 0.113672 0.129071
11 0.384141 0.506997 0.023625 0.114241
11 0.138172 0.408173 0.030969 0.135480
0 0.411000 0.806130 0.025656 0.077523
0 0.254500 0.707601 0.023781 0.059659
0 0.328367 0.709319 0.014797 0.033746
0 0.402891 0.768328 0.011125 0.047121
1 0.659391 0.788406 0.042625 0.082446
1 0.557539 0.779985 0.028141 0.042941
1 0.537000 0.778994 0.024719 0.043498
0 0.913797 0.819969 0.053594 0.145077