0 0.698406 0.505400 0.113000 0.194644
47 0.200086 0.664611 0.049453 0.112808
47 0.346508 0.697192 0.047328 0.110972
47 0.457695 0.688801 0.041922 0.121188
47 0.491609 0.698996 0.051812 0.110346
47 0.553297 0.692559 0.056500 0.114233
47 0.586477 0.670065 0.043859 0.077279
47 0.289203 0.677916 0.033813 0.119374
47 0.248359 0.682311 0.052750 0.103888
47 0.266094 0.605173 0.016938 0.011814
47 0.349703 0.629600 0.017719 0.020929
17 0.710938 0.701242 0.242937 0.192592
40 0.857594 0.722894 0.063219 0.084147
47 0.395156 0.698855 0.055063 0.099266
47 0.856922 0.722408 0.065906 0.086242
47 0.417367 0.616706 0.018547 0.017343
47 0.482031 0.665227 0.726562 0.142549