45 0.536438 0.171479 0.203375 0.205875
42 0.815320 0.829458 0.369359 0.318292
42 0.153461 0.825563 0.303297 0.348875
0 0.275055 0.635885 0.305891 0.690979
0 0.767555 0.589031 0.377516 0.579771
29 0.322344 0.371052 0.026781 0.059771
2 0.151500 0.824625 0.302781 0.350750
2 0.064898 0.546146 0.129797 0.206958
29 0.566453 0.520906 0.011125 0.062521
29 0.693227 0.286760 0.034516 0.046021
29 0.753219 0.488823 0.017188 0.038771
29 0.460008 0.358594 0.055672 0.021146
29 0.583055 0.422021 0.038703 0.040708
29 0.428930 0.465417 0.030234 0.036917