2 0.850117 0.531242 0.176432 0.174891
2 0.745986 0.476258 0.078404 0.081766
0 0.514308 0.421172 0.399272 0.472969
0 0.059366 0.557148 0.118732 0.338109
31 0.426913 0.656688 0.026878 0.015781
13 0.278638 0.799211 0.265070 0.080359
35 0.676948 0.703633 0.592911 0.152859
31 0.906561 0.743773 0.186690 0.023172
8 0.500000 0.803375 1.000000 0.370781
0 0.179847 0.529398 0.209648 0.312984
0 0.935317 0.480555 0.126784 0.253141
39 0.209754 0.784805 0.053404 0.022859
39 0.363533 0.787602 0.050305 0.008891
2 0.289296 0.505313 0.021362 0.066562
2 0.961303 0.565320 0.027817 0.081266
2 0.019460 0.614367 0.027793 0.016891
2 0.273521 0.629094 0.038638 0.087844