8 0.500844 0.493948 0.998312 0.987896
22 0.491289 0.419104 0.190453 0.640458
22 0.861242 0.396625 0.239328 0.600000
22 0.125563 0.398875 0.241000 0.635958
22 0.746641 0.291042 0.164437 0.447417
22 0.205734 0.282583 0.170125 0.472542
22 0.233750 0.164802 0.151344 0.293729
22 0.669852 0.103271 0.075203 0.206292
13 0.091852 0.242083 0.124141 0.122375
0 0.753727 0.066719 0.146703 0.132229
22 0.482578 0.079531 0.123656 0.055396
22 0.647102 0.090604 0.076453 0.181208
22 0.920336 0.052510 0.079078 0.101312
22 0.966359 0.071813 0.067281 0.127167
22 0.547766 0.058906 0.079281 0.116687