20 0.566664 0.528923 0.166984 0.148197
20 0.194688 0.430808 0.071969 0.101710
1 0.583273 0.292084 0.026859 0.062951
0 0.253312 0.490105 0.046156 0.276792
0 0.319609 0.559379 0.067531 0.177541
26 0.316484 0.717658 0.089531 0.162717
0 0.609727 0.300293 0.021984 0.087002
20 0.430937 0.352365 0.054656 0.059391
1 0.654078 0.281815 0.043688 0.049110
7 0.298914 0.481920 0.101828 0.124684
20 0.391945 0.379742 0.048234 0.077096
20 0.477234 0.356464 0.025125 0.040000
20 0.300750 0.396686 0.090406 0.073466
20 0.509219 0.331944 0.046187 0.046698
20 0.513703 0.470820 0.047156 0.069649
20 0.348164 0.387963 0.060703 0.095738
20 0.474930 0.339824 0.051609 0.058806
20 0.154180 0.460609 0.079359 0.079297
1 0.540102 0.294637 0.072016 0.084778