2 0.689750 0.285969 0.163667 0.147094
4 0.855281 0.885078 0.191062 0.215531
53 0.453052 0.766000 0.110396 0.099906
5 0.947531 0.179156 0.104937 0.139875
4 0.627490 0.551063 0.114646 0.163094
4 0.562979 0.506328 0.101000 0.150781
4 0.689344 0.499086 0.106937 0.150703
4 0.930500 0.962594 0.139000 0.074813
4 0.447219 0.193258 0.061479 0.060891
37 0.847990 0.780898 0.045812 0.162703
13 0.390229 0.941703 0.259542 0.116594
13 0.931781 0.961898 0.136437 0.076203
53 0.564135 0.755086 0.118896 0.073172
53 0.549844 0.695672 0.126062 0.060656
53 0.385271 0.727352 0.107667 0.084953
53 0.489031 0.588039 0.074062 0.054672
53 0.549281 0.611781 0.085021 0.056156
53 0.729510 0.622219 0.114812 0.057000
53 0.450094 0.680555 0.115979 0.093016
53 0.530292 0.649531 0.106625 0.056063
53 0.761281 0.673164 0.103479 0.059516
35 0.567792 0.264047 0.068917 0.042688
2 0.963875 0.496133 0.072250 0.115516
8 0.423667 0.441063 0.759917 0.479563
0 0.950281 0.160922 0.097646 0.321844
0 0.563292 0.127117 0.407500 0.253922
39 0.442125 0.156602 0.018542 0.030359
39 0.653323 0.464570 0.083437 0.082891
39 0.610667 0.447984 0.048500 0.093344
39 0.344208 0.930727 0.127292 0.138547
35 0.310115 0.288656 0.219479 0.059688
35 0.464948 0.275195 0.050729 0.034172
35 0.517000 0.315070 0.044292 0.046578
35 0.524635 0.218977 0.061979 0.037516
35 0.415667 0.490844 0.100458 0.042000
35 0.258010 0.492211 0.072729 0.054547
35 0.201948 0.430797 0.094604 0.045719
35 0.503823 0.421406 0.055187 0.045406
35 0.342885 0.346633 0.310354 0.102359
35 0.638073 0.304141 0.043312 0.031875
2 0.117750 0.763633 0.235500 0.472734
0 0.860979 0.404094 0.278042 0.244844
37 0.541896 0.405289 0.039375 0.113672
53 0.232385 0.688711 0.086937 0.069328
2 0.080896 0.561016 0.161792 0.175625
4 0.619448 0.358055 0.083562 0.089797
53 0.332885 0.694922 0.126146 0.084344
53 0.860823 0.679047 0.121479 0.059562
53 0.320583 0.640422 0.040417 0.042250
53 0.634375 0.711719 0.727083 0.398438