28 0.880156 0.440552 0.104125 0.086771
2 0.908937 0.684396 0.126937 0.175583
2 0.772430 0.590031 0.073016 0.111438
2 0.734328 0.608198 0.043875 0.116979
2 0.583086 0.565781 0.033234 0.099396
8 0.746664 0.599042 0.093109 0.134667
1 0.387617 0.432563 0.074547 0.067958
0 0.310984 0.555927 0.127625 0.467938
0 0.232563 0.468062 0.050000 0.165667
0 0.642219 0.570635 0.115625 0.463854
0 0.202781 0.468219 0.042656 0.173604
7 0.635352 0.313875 0.228891 0.116542
7 0.277023 0.344594 0.195953 0.076563
5 0.696164 0.601187 0.038297 0.195875
7 0.361539 0.639323 0.030984 0.176187
7 0.939648 0.394448 0.120703 0.164479
2 0.988539 0.657552 0.022922 0.139354
20 0.899813 0.561271 0.166969 0.188375
7 0.206227 0.382000 0.066984 0.031375
7 0.288211 0.293313 0.150828 0.056958
8 0.928148 0.584688 0.116109 0.025208
1 0.347500 0.392698 0.037094 0.019563
7 0.603500 0.617000 0.024469 0.215292
7 0.368781 0.629969 0.009062 0.099562
2 0.160586 0.429781 0.012547 0.029646
0 0.073055 0.496104 0.146109 0.685708