3 0.596102 0.693478 0.049422 0.274169
3 0.648563 0.683501 0.040875 0.285316
3 0.668617 0.656991 0.025828 0.243021
3 0.632531 0.663326 0.026250 0.259485
3 0.390727 0.607108 0.034609 0.113934
0 0.580977 0.665164 0.385328 0.638197
0 0.768391 0.525843 0.103438 0.462927
22 0.413383 0.715445 0.031984 0.111499
22 0.442320 0.728349 0.031297 0.100867
22 0.467773 0.722635 0.030672 0.116370
22 0.511273 0.697635 0.019766 0.090211
22 0.533750 0.707869 0.030000 0.112365
22 0.561047 0.705890 0.026750 0.106956
0 0.035805 0.249485 0.071609 0.271382
0 0.622008 0.341230 0.053578 0.083255
22 0.388297 0.705351 0.028937 0.093466
22 0.544398 0.694977 0.017547 0.087424
2 0.780336 0.764906 0.063109 0.280539
2 0.269898 0.860094 0.535734 0.279813
2 0.322742 0.684930 0.127516 0.134778
8 0.585031 0.892658 0.341031 0.214684